2  0.028750656624549332  0.002
3  0.03153205337570209  0.0
4  0.03254223367702794  0.0
5  0.03379935819954917  0.001
6  0.0344225784874395  0.0
7  0.03517753650872488  0.001
8  0.03561192152425588  0.002
9  0.03612969977163857  0.001
10  0.03645546406497074  0.003
11  0.036839189908436966  0.004
12  0.03709562320743345  0.009
13  0.03739485467281098  0.033
14  0.037603777751020966  0.02
15  0.037845683062247386  0.041
16  0.038020328199739425  0.049
17  0.038221216233603604  0.197
18  0.03837014518468917  0.259
19  0.03854047987202045  0.361
20  0.038669515404807786  0.857
